my_weight
my_height <- 168
my_weight <- 63

bmi <- (63) / (168 / 100)^2
bmi

my_name <- "A105260046"
my_name